Mandaluyong Cemetery GeoLocation(longitude,latitude)[
  [121.0253102, 14.5770656],
  [121.0267425, 14.577743],
  [121.0269463, 14.5773667],
  [121.0256669, 14.5765751],
  [121.0253102, 14.5770578]
]

Apartment_1 = [
      [
        121.0254534,
        14.5775078
      ],
      [
        121.0255499,
        14.5772872
      ],
      [
        121.0256063,
        14.577308
      ],
      [
        121.0255076,
        14.57753
      ],
      [
        121.0254542,
        14.5775085
      ]
    ]

Apartment_2 =  [
      [
        121.0255231,
        14.5775393
      ],
      [
        121.0256224,
        14.5773106
      ],
      [
        121.0256605,
        14.5773337
      ],
      [
        121.0255703,
        14.5775528
      ],
      [
        121.0255151,
        14.5775442
      ]
    ]

Columbarium_1 =  [
      [
        121.0260547,
        14.5783398
      ],
      [
        121.0261325,
        14.5781478
      ],
      [
        121.0261674,
        14.5781582
      ],
      [
        121.0260944,
        14.5783575
      ],
      [
        121.0260574,
        14.578345
      ]
    ]

Columbarium_2 = [
      [
        121.0259421,
        14.5782698
      ],
      [
        121.0260199,
        14.5780725
      ],
      [
        121.0260521,
        14.5780751
      ],
      [
        121.025977,
        14.5782724
      ],
      [
        121.0259421,
        14.5782724
      ]
    ]

  Exclusive Plots = [
        [121.02559826851838, 14.576920523870077],
        [121.02560756795633, 14.576882636827671],
        [121.02567696965937, 14.576909154919266],
        [121.02570973017144, 14.576913749896832],
        [121.02574192309683, 14.576897683066008],
        [121.02580226616307, 14.576916648438672],
        [121.02585832722562, 14.57688599100229],
        [121.02589939904536, 14.576899724165564],
        [121.02595200458737, 14.576885363882571],
        [121.02598173355132, 14.57690953442485],
        
        [121.02560101873213, 14.57728061447227],
        [121.02563990187424, 14.577274961529556],
        [121.02567958935182, 14.577249031195178],
        [121.0257216600413, 14.577264312861564],
        [121.02575809834343, 14.577254055195008],
        [121.02579384114682, 14.577268257960629],
        [121.02584622214266, 14.577254990898197],
        [121.02590997185555, 14.577248909485876],
        [121.0259467557397, 14.577266899598415],
        [121.02598948823442, 14.577258897910257]
      ]
